tab = [
           -2   2   0  -15  12   1   0   0;
            2  -1  -4  -12  20   0   1   0;
           -1   2   3   -2  -1   0   0   0
         ]

tab =

    -2     2     0   -15    12     1     0     0
     2    -1    -4   -12    20     0     1     0
    -1     2     3    -2    -1     0     0     0

tab(1,:) = tab(1,:) / -15;
tab(2,:) = tab(2,:) + 12 * tab(1,:)

tab =

    0.1333   -0.1333         0    1.0000   -0.8000   -0.0667         0         0
    3.6000   -2.6000   -4.0000         0   10.4000   -0.8000    1.0000         0
   -1.0000    2.0000    3.0000   -2.0000   -1.0000         0         0         0

tab(3,:) = tab(3,:) + 2 * tab(1,:);
tab

tab =

    0.1333   -0.1333         0    1.0000   -0.8000   -0.0667         0         0
    3.6000   -2.6000   -4.0000         0   10.4000   -0.8000    1.0000         0
   -0.7333    1.7333    3.0000         0   -2.6000   -0.1333         0         0

tab(2,:) = tab(2,:) / 10.4;
tab(1,:) = tab(1,:) + 0.8 * tab(2,:)

tab =

    0.4103   -0.3333   -0.3077    1.0000   -0.0000   -0.1282    0.0769         0
    0.3462   -0.2500   -0.3846         0    1.0000   -0.0769    0.0962         0
   -0.7333    1.7333    3.0000         0   -2.6000   -0.1333         0         0

tab(3,:) = tab(3,:) + tab(2,:) * 2.6

tab =

    0.4103   -0.3333   -0.3077    1.0000   -0.0000   -0.1282    0.0769         0
    0.3462   -0.2500   -0.3846         0    1.0000   -0.0769    0.0962         0
    0.1667    1.0833    2.0000         0   -0.0000   -0.3333    0.2500         0

diary off
